alpha:1,alpha2:0.8953783135167157,batch_size:2,initializer:0,lamda:1,lamda2:0.0003758156887267517,learning_rate:0.0890496691964276,optimizer:1,units1:295,units2:166,---------------------------------------------tf.Tensor(3.829186, shape=(), dtype=float32)
alpha:1,alpha2:0.8912207290185562,batch_size:2,initializer:0,lamda:1,lamda2:0.056463405205168245,learning_rate:0.007166764044082469,optimizer:3,units1:14,units2:56,---------------------------------------------tf.Tensor(4.2416053, shape=(), dtype=float32)
